50,50
20,20
741,744,744,744,744,744,744,744,744,744,744,744,744,744,744,744,744,744,744,744,744,744,744,744,744,744,744,744,744,744,744,744,744,744,744,744,744,744,744,744,744,744,744,744,744,744,744,744,744,750,
802,805,805,805,805,805,805,805,805,805,805,805,805,805,805,805,805,805,805,805,805,805,805,805,805,805,805,805,805,805,805,805,805,805,805,805,805,805,805,805,805,805,805,805,805,805,805,805,805,811,
802,805,805,805,805,805,805,805,805,805,805,805,805,805,805,805,805,805,805,805,805,805,805,805,805,805,805,805,805,805,805,805,805,805,805,805,805,805,805,805,805,805,805,805,805,805,805,805,805,811,
802,805,805,805,805,805,805,805,805,805,805,805,805,805,805,805,805,805,805,805,805,805,805,805,805,805,805,805,805,805,805,805,805,805,805,805,805,805,805,805,805,805,805,805,805,805,805,805,805,811,
802,805,805,805,805,805,805,805,805,805,805,805,805,805,805,805,805,805,805,805,805,805,805,805,805,805,805,805,805,805,805,805,805,805,805,805,805,805,805,805,805,805,805,805,805,805,805,805,805,811,
802,805,805,805,805,805,805,805,805,805,805,805,805,805,805,805,805,805,805,805,805,805,805,805,805,805,805,805,805,805,805,805,805,805,805,805,805,805,805,805,805,805,805,805,805,805,805,805,805,811,
802,805,805,805,805,805,805,805,805,805,805,805,805,805,805,805,805,805,805,805,805,805,805,805,805,805,805,805,805,805,805,805,805,805,805,805,805,805,805,805,805,805,805,805,805,805,805,805,805,811,
802,805,805,805,805,805,805,805,805,805,805,805,805,805,805,805,805,805,805,805,805,805,805,805,805,805,805,805,805,805,805,805,805,805,805,805,805,805,805,805,805,805,805,805,805,805,805,805,805,811,
802,805,805,805,805,805,805,805,805,805,805,805,805,805,805,805,805,805,805,805,805,805,805,805,805,805,805,805,805,805,805,805,805,805,805,805,805,805,805,805,805,805,805,805,805,805,805,805,805,811,
802,805,805,805,805,805,805,805,805,805,805,805,805,805,805,805,805,805,805,805,805,805,805,805,805,805,805,805,805,805,805,805,805,805,805,805,805,805,805,805,805,805,805,805,805,805,805,805,805,811,
802,805,805,805,805,805,805,805,805,805,805,805,805,805,805,805,805,805,805,805,805,805,805,805,805,805,805,805,805,805,805,805,805,805,805,805,805,805,805,805,805,805,805,805,805,805,805,805,805,811,
802,805,805,805,805,805,805,805,805,805,805,805,805,805,805,805,805,805,805,805,805,805,805,805,805,805,805,805,805,805,805,805,805,805,805,805,805,805,805,805,805,805,805,805,805,805,805,805,805,811,
802,805,805,805,805,805,805,805,805,805,805,805,805,805,805,805,805,805,805,805,805,805,805,805,805,805,805,805,805,805,805,805,805,805,805,805,805,805,805,805,805,805,805,805,805,805,805,805,805,811,
802,805,805,805,805,805,805,805,805,805,805,805,805,805,805,805,805,805,805,805,805,805,805,805,805,805,805,805,805,805,805,805,805,805,805,805,805,805,805,805,805,805,805,805,805,805,805,805,805,811,
802,805,805,805,805,805,805,805,805,805,805,805,805,805,805,805,805,805,805,805,805,805,805,805,805,805,805,805,805,805,805,805,805,805,805,805,805,805,805,805,805,805,805,805,805,805,805,805,805,811,
802,805,805,805,805,805,805,805,805,805,805,805,805,805,805,805,805,805,805,805,805,805,805,805,805,805,805,805,805,805,805,805,805,805,805,805,805,805,805,805,805,805,805,805,805,805,805,805,805,811,
802,805,805,805,805,805,805,805,805,805,805,805,805,805,805,805,805,805,805,805,805,805,805,805,805,805,805,805,805,805,805,805,805,805,805,805,805,805,805,805,805,805,805,805,805,805,805,805,805,811,
802,805,805,805,805,805,805,805,805,805,805,805,805,805,805,805,805,805,805,805,805,805,805,805,805,805,805,805,805,805,805,805,805,805,805,805,805,805,805,805,805,805,805,805,805,805,805,805,805,811,
802,805,805,805,805,805,805,805,805,805,805,805,805,805,805,805,805,805,805,805,805,805,805,805,805,805,805,805,805,805,805,805,805,805,805,805,805,805,805,805,805,805,805,805,805,805,805,805,805,811,
802,805,805,805,805,805,805,805,805,805,805,805,805,805,805,805,805,805,805,805,805,805,805,805,805,805,805,805,805,805,805,805,805,805,805,805,805,805,805,805,805,805,805,805,805,805,805,805,805,811,
802,805,805,805,805,805,805,805,805,805,805,805,805,805,805,805,805,805,805,805,805,805,805,805,805,805,805,805,805,805,805,805,805,805,805,805,805,805,805,805,805,805,805,805,805,805,805,805,805,811,
802,805,805,805,805,805,805,805,805,805,805,805,805,805,805,805,805,805,805,805,805,805,805,805,805,805,805,805,805,805,805,805,805,805,805,805,805,805,805,805,805,805,805,805,805,805,805,805,805,811,
802,805,805,805,805,805,805,805,805,805,805,805,805,805,805,805,805,805,805,805,805,805,805,805,805,805,805,805,805,805,805,805,805,805,805,805,805,805,805,805,805,805,805,805,805,805,805,805,805,811,
802,805,805,805,805,805,805,805,805,805,805,805,805,805,805,805,805,805,805,805,805,805,805,805,805,805,805,805,805,805,805,805,805,805,805,805,805,805,805,805,805,805,805,805,805,805,805,805,805,811,
802,805,805,805,805,805,805,805,805,805,805,805,805,805,805,805,805,805,805,805,805,805,805,805,805,805,805,805,805,805,805,805,805,805,805,805,805,805,805,805,805,805,805,805,805,805,805,805,805,811,
802,805,805,805,805,805,805,805,805,805,805,805,805,805,805,805,805,805,805,805,805,805,805,805,805,805,805,805,805,805,805,805,805,805,805,805,805,805,805,805,805,805,805,805,805,805,805,805,805,811,
802,805,805,805,805,805,805,805,805,805,805,805,805,805,805,805,805,805,805,805,805,805,805,805,805,805,805,805,805,805,805,805,805,805,805,805,805,805,805,805,805,805,805,805,805,805,805,805,805,811,
802,805,805,805,805,805,805,805,805,805,805,805,805,805,805,805,805,805,805,805,805,805,805,805,805,805,805,805,805,805,805,805,805,805,805,805,805,805,805,805,805,805,805,805,805,805,805,805,805,811,
802,805,805,805,805,805,805,805,805,805,805,805,805,805,805,805,805,805,805,805,805,805,805,805,805,805,805,805,805,805,805,805,805,805,805,805,805,805,805,805,805,805,805,805,805,805,805,805,805,811,
802,805,805,805,805,805,805,805,805,805,805,805,805,805,805,805,805,805,805,805,805,805,805,805,805,805,805,805,805,805,805,805,805,805,805,805,805,805,805,805,805,805,805,805,805,805,805,805,805,811,
802,805,805,805,805,805,805,805,805,805,805,805,805,805,805,805,805,805,805,805,805,805,805,805,805,805,805,805,805,805,805,805,805,805,805,805,805,805,805,805,805,805,805,805,805,805,805,805,805,811,
802,805,805,805,805,805,805,805,805,805,805,805,805,805,805,805,805,805,805,805,805,805,805,805,805,805,805,805,805,805,805,805,805,805,805,805,805,805,805,805,805,805,805,805,805,805,805,805,805,811,
802,805,805,805,805,805,805,805,805,805,805,805,805,805,805,805,805,805,805,805,805,805,805,805,805,805,805,805,805,805,805,805,805,805,805,805,805,805,805,805,805,805,805,805,805,805,805,805,805,811,
802,805,805,805,805,805,805,805,805,805,805,805,805,805,805,805,805,805,805,805,805,805,805,805,805,805,805,805,805,805,805,805,805,805,805,805,805,805,805,805,805,805,805,805,805,805,805,805,805,811,
802,805,805,805,805,805,805,805,805,805,805,805,805,805,805,805,805,805,805,805,805,805,805,805,805,805,805,805,805,805,805,805,805,805,805,805,805,805,805,805,805,805,805,805,805,805,805,805,805,811,
802,805,805,805,805,805,805,805,805,805,805,805,805,805,805,805,805,805,805,805,805,805,805,805,805,805,805,805,805,805,805,805,805,805,805,805,805,805,805,805,805,805,805,805,805,805,805,805,805,811,
802,805,805,805,805,805,805,805,805,805,805,805,805,805,805,805,805,805,805,805,805,805,805,805,805,805,805,805,805,805,805,805,805,805,805,805,805,805,805,805,805,805,805,805,805,805,805,805,805,811,
802,805,805,805,805,805,805,805,805,805,805,805,805,805,805,805,805,805,805,805,805,805,805,805,805,805,805,805,805,805,805,805,805,805,805,805,805,805,805,805,805,805,805,805,805,805,805,805,805,811,
802,805,805,805,805,805,805,805,805,805,805,805,805,805,805,805,805,805,805,805,805,805,805,805,805,805,805,805,805,805,805,805,805,805,805,805,805,805,805,805,805,805,805,805,805,805,805,805,805,811,
802,805,805,805,805,805,805,805,805,805,805,805,805,805,805,805,805,805,805,805,805,805,805,805,805,805,805,805,805,805,805,805,805,805,805,805,805,805,805,805,805,805,805,805,805,805,805,805,805,811,
802,805,805,805,805,805,805,805,805,805,805,805,805,805,805,805,805,805,805,805,805,805,805,805,805,805,805,805,805,805,805,805,805,805,805,805,805,805,805,805,805,805,805,805,805,805,805,805,805,811,
802,805,805,805,805,805,805,805,805,805,805,805,805,805,805,805,805,805,805,805,805,805,805,805,805,805,805,805,805,805,805,805,805,805,805,805,805,805,805,805,805,805,805,805,805,805,805,805,805,811,
802,805,805,805,805,805,805,805,805,805,805,805,805,805,805,805,805,805,805,805,805,805,805,805,805,805,805,805,805,805,805,805,805,805,805,805,805,805,805,805,805,805,805,805,805,805,805,805,805,811,
802,805,805,805,805,805,805,805,805,805,805,805,805,805,805,805,805,805,805,805,805,805,805,805,805,805,805,805,805,805,805,805,805,805,805,805,805,805,805,805,805,805,805,805,805,805,805,805,805,811,
802,805,805,805,805,805,805,805,805,805,805,805,805,805,805,805,805,805,805,805,805,805,805,805,805,805,805,805,805,805,805,805,805,805,805,805,805,805,805,805,805,805,805,805,805,805,805,805,805,811,
802,805,805,805,805,805,805,805,805,805,805,805,805,805,805,805,805,805,805,805,805,805,805,805,805,805,805,805,805,805,805,805,805,805,805,805,805,805,805,805,805,805,805,805,805,805,805,805,805,811,
802,805,805,805,805,805,805,805,805,805,805,805,805,805,805,805,805,805,805,805,805,805,805,805,805,805,805,805,805,805,805,805,805,805,805,805,805,805,805,805,805,805,805,805,805,805,805,805,805,811,
802,805,805,805,805,805,805,805,805,805,805,805,805,805,805,805,805,805,805,805,805,805,805,805,805,805,805,805,805,805,805,805,805,805,805,805,805,805,805,805,805,805,805,805,805,805,805,805,805,811,
802,805,805,805,805,805,805,805,805,805,805,805,805,805,805,805,805,805,805,805,805,805,805,805,805,805,805,805,805,805,805,805,805,805,805,805,805,805,805,805,805,805,805,805,805,805,805,805,805,811,
143,143,143,143,143,143,143,143,143,143,143,143,143,143,143,143,143,143,143,143,143,143,143,143,143,143,143,143,143,143,143,143,143,143,143,143,143,143,143,143,143,143,143,143,143,143,143,143,143,143
